City_ID,City,Lat,Lng,Max Temp,Humidity,Cloudiness,Wind Speed,Country,Date
0,port-aux-francais,-49.35,70.2167,281.02,93,100,16.53,TF,1706380401
1,pisco,-13.7,-76.2167,299.18,78,0,5.14,PE,1706380401
2,novodvinsk,64.4165,40.8122,269.01,91,100,3.95,RU,1706380402
3,waitangi,-43.9535,-176.5597,291.94,93,23,1.79,NZ,1706380402
4,college,64.8569,-147.8028,234.12,59,75,2.06,US,1706380306
5,nizhneangarsk,55.7833,109.55,251.48,81,0,4.47,RU,1706380402
6,mersa matruh,31.3525,27.2453,288.26,55,40,2.06,EG,1706380402
7,hamilton,39.1834,-84.5333,280.12,92,100,5.14,US,1706380316
8,bredasdorp,-34.5322,20.0403,294.38,78,100,5.04,ZA,1706380403
9,vorgashor,67.5833,63.95,261.35,96,94,3.68,RU,1706380342
10,invercargill,-46.4,168.35,285.38,86,45,0.45,NZ,1706380303
11,longyearbyen,78.2186,15.6401,267.06,63,20,11.83,SJ,1706380403
12,bagan,54.1001,77.6646,261.39,96,100,2.9,RU,1706380403
13,jamestown,42.097,-79.2353,278.16,99,100,2.57,US,1706380176
14,la rinconada,37.4873,-5.9826,292.83,64,0,1.03,ES,1706380404
15,airuk,7.2772,168.8203,299.42,66,100,5.51,MH,1706380404
16,nova sintra,14.8667,-24.7167,295.05,68,99,3.55,CV,1706380404
17,petropavlovsk-kamchatsky,53.0452,158.6483,267.48,86,75,5.0,RU,1706380404
18,sao vicente,-23.9631,-46.3919,304.25,73,75,3.13,BR,1706380404
19,hermanus,-34.4187,19.2345,296.37,73,100,5.22,ZA,1706380298
20,whitehorse,60.7161,-135.0538,268.98,95,100,4.36,CA,1706380152
21,remire-montjoly,4.9167,-52.2667,302.17,74,75,6.17,GF,1706380405
22,lihue,21.9789,-159.3672,296.92,77,100,6.17,US,1706380405
23,bamboo flat,11.7,92.7167,297.2,94,100,1.03,IN,1706380405
24,alesund,62.4723,6.1549,280.56,78,40,8.75,NO,1706380200
25,fall river,41.7015,-71.1551,277.56,84,100,2.57,US,1706380264
26,olonkinbyen,70.9221,-8.7187,269.8,78,100,11.65,SJ,1706380406
27,west island,-12.1568,96.8225,300.14,89,100,3.6,CC,1706380310
28,grytviken,-54.2811,-36.5092,278.64,94,100,1.96,GS,1706380406
29,ushuaia,-54.8,-68.3,285.94,43,40,3.09,AR,1706380406
30,puerto natales,-51.7236,-72.4875,288.4,38,75,14.92,CL,1706380407
31,megion,61.0296,76.1136,260.16,98,100,3.43,RU,1706380334
32,lerwick,60.1545,-1.1494,281.15,90,100,12.23,GB,1706380407
33,balabac,7.9868,117.0645,299.48,72,40,9.0,PH,1706380407
34,port mathurin,-19.6833,63.4167,299.2,94,75,0.0,MU,1706380403
35,veraval,20.9,70.3667,294.71,53,15,3.85,IN,1706380407
36,murshidabad,24.1833,88.2667,286.63,51,0,2.16,IN,1706380408
37,new norfolk,-42.7826,147.0587,287.87,72,99,2.38,AU,1706380408
38,ribeira grande,38.5167,-28.7,288.37,82,40,8.75,PT,1706380408
39,dudinka,69.4058,86.1778,259.64,92,100,8.49,RU,1706380398
40,erenhot,43.6475,111.9767,256.51,86,9,3.23,CN,1706380408
41,kaoma,-14.7833,24.8,292.38,65,0,2.18,ZM,1706380409
42,blackmans bay,-43.0167,147.3167,287.22,74,78,0.45,AU,1706380304
43,constantia,44.1833,28.65,275.76,79,100,5.98,RO,1706380409
44,port lincoln,-34.7333,135.8667,288.84,81,0,0.75,AU,1706380292
45,iwanai,42.9744,140.5089,271.49,95,93,1.76,JP,1706380409
46,isafjordur,66.0755,-23.124,269.52,59,31,6.62,IS,1706380410
47,garissa,-0.4536,39.6401,305.09,45,47,3.89,KE,1706380410
48,mahibadhoo,3.7833,72.9667,301.22,68,6,8.01,MV,1706380322
49,port alfred,-33.5906,26.891,294.92,93,8,7.11,ZA,1706380410
50,sitka,57.0531,-135.33,281.09,87,100,5.66,US,1706380379
51,oum hadjer,13.2954,19.6966,296.27,14,1,4.46,TD,1706380411
52,bubaque,11.2833,-15.8333,299.63,64,14,5.74,GW,1706380411
53,anna regina,7.2644,-58.5077,301.35,65,7,3.33,GY,1706380411
54,la ronge,55.1001,-105.2842,268.29,86,75,1.03,CA,1706380305
55,adamstown,-25.066,-130.1015,297.57,74,100,4.94,PN,1706380411
56,taoudenni,22.6783,-3.9836,295.29,12,0,4.35,ML,1706380412
57,vilyuchinsk,52.9306,158.4028,268.3,90,100,2.6,RU,1706380412
58,mount isa,-20.7333,139.5,297.02,100,100,1.54,AU,1706380412
59,margaret river,-33.95,115.0667,289.38,86,6,3.4,AU,1706380412
60,naze,28.3667,129.4833,284.66,76,100,5.22,JP,1706380412
61,tiksi,71.6872,128.8694,249.21,86,89,5.38,RU,1706380282
62,ongjin,37.9347,125.3619,269.88,70,20,1.79,KP,1706380412
63,masallatah,32.6167,14.0,287.9,74,100,7.88,LY,1706380413
64,margate,51.3813,1.3862,279.76,85,100,2.24,GB,1706380258
65,thompson,55.7435,-97.8558,268.24,93,100,2.57,CA,1706380344
66,antofagasta,-23.65,-70.4,296.75,70,22,4.66,CL,1706380413
67,atafu village,-8.5421,-172.5159,302.24,71,33,4.32,TK,1706380413
68,nuriootpa,-34.4833,139.0,286.79,88,6,1.5,AU,1706380414
69,saipan,15.1355,145.701,298.74,73,100,9.54,MP,1706380414
70,nar'yan-mar,67.6713,53.087,257.65,97,100,4.02,RU,1706380414
71,belyy yar,53.6039,91.3903,243.09,91,93,0.0,RU,1706380414
72,saint-francois,46.4154,3.9054,278.84,82,0,4.63,FR,1706380414
73,haiku-pauwela,20.9219,-156.3051,297.62,72,28,3.58,US,1706380335
74,iqaluit,63.7506,-68.5145,240.2,60,75,5.14,CA,1706380415
75,edinburgh of the seven seas,-37.0676,-12.3116,288.95,67,23,10.77,SH,1706380284
76,bulayevo,54.9056,70.4439,248.61,100,100,1.11,KZ,1706380415
77,besskorbnaya,44.6447,41.311,271.55,95,100,1.34,RU,1706380415
78,udachny,66.4167,112.4,237.76,98,11,1.05,RU,1706380391
79,selfoss,63.9331,-20.9971,272.62,73,100,10.31,IS,1706380416
80,qaqortoq,60.7167,-46.0333,251.13,68,0,3.54,GL,1706380152
81,altay,47.8667,88.1167,260.91,69,100,2.19,CN,1706380416
82,mount pearl,47.5166,-52.7813,272.77,74,20,3.09,CA,1706380416
83,puerto ayora,-0.7393,-90.3518,305.13,75,100,3.91,EC,1706380417
84,mount gambier,-37.8333,140.7667,286.44,98,55,1.97,AU,1706380417
85,blairgowrie,56.5916,-3.3405,281.66,83,100,2.24,GB,1706380417
86,papatowai,-46.5619,169.4708,285.82,71,100,2.54,NZ,1706380417
87,beihai,21.4833,109.1,282.76,87,100,7.76,CN,1706380417
88,ponta delgada,37.7333,-25.6667,291.59,88,40,5.14,PT,1706380418
89,bethel,41.3712,-73.414,280.34,74,100,3.09,US,1706380304
90,yellowknife,62.456,-114.3525,255.6,84,100,5.14,CA,1706380418
91,afaahiti,-17.75,-149.2833,301.08,82,94,3.23,PF,1706380418
92,valdivia,-39.8142,-73.2459,300.2,37,0,1.88,CL,1706380418
93,codrington,-38.2667,141.9667,288.17,89,94,3.85,AU,1706380418
94,quinhamel,11.8833,-15.85,308.29,42,25,4.22,GW,1706380418
95,ust-nera,64.5667,143.2,229.12,100,63,1.75,RU,1706380419
96,och'amch'ire,42.7123,41.4686,279.1,89,100,1.49,GE,1706380419
97,kapuskasing,49.4169,-82.4331,274.2,86,100,4.63,CA,1706380378
98,la passe,45.5549,-0.8967,282.28,87,99,3.78,FR,1706380419
99,lop buri,14.7981,100.654,298.1,53,100,2.86,TH,1706380419
100,lagos,6.5833,3.75,303.33,47,97,1.82,NG,1706380420
101,kingston,17.997,-76.7936,303.28,67,20,11.32,JM,1706380311
102,queenstown,-31.8976,26.8753,291.09,90,29,1.38,ZA,1706380212
103,nova vicosa,-17.8919,-39.3719,298.41,91,98,2.26,BR,1706380420
104,susanville,40.4163,-120.653,281.93,77,20,1.34,US,1706380420
105,mar del plata,-38.0023,-57.5575,304.0,73,0,10.73,AR,1706380192
106,avarua,-21.2078,-159.775,301.18,94,40,0.51,CK,1706380348
107,urengoy,65.9667,78.3667,261.95,96,100,3.4,RU,1706380421
108,ixtapa,20.7,-105.2,298.72,61,0,0.0,MX,1706380421
109,utrik,11.2278,169.8474,297.96,62,100,4.38,MH,1706380421
110,uturoa,-16.7333,-151.4333,300.31,79,30,1.58,PF,1706380422
111,al hazm,16.1641,44.7769,296.62,59,55,3.99,YE,1706380422
112,oguz,41.0708,47.4583,273.06,99,100,1.16,AZ,1706380422
113,arno,60.1167,18.6333,273.03,93,82,6.96,SE,1706380422
114,st. john's,47.5649,-52.7093,273.23,74,20,3.09,CA,1706380252
115,albany,42.6001,-73.9662,277.91,77,100,0.64,US,1706380416
116,ulundi,-28.3352,31.4162,294.02,97,100,0.96,ZA,1706380422
117,maragogi,-9.0122,-35.2225,302.71,62,95,5.36,BR,1706380423
118,pahrump,36.2083,-115.9839,287.18,47,13,1.34,US,1706380374
119,great falls,47.5002,-111.3008,283.38,52,0,12.86,US,1706380193
120,bonthe,7.5264,-12.505,301.44,75,61,4.53,SL,1706380423
121,umarga,17.8333,76.6167,295.24,40,71,3.6,IN,1706380423
122,vuokatti,64.146,28.2697,269.07,92,98,5.56,FI,1706380423
123,senhor do bonfim,-10.4614,-40.1894,295.57,93,100,1.23,BR,1706380423
124,vrangel',42.7297,133.0839,263.9,69,2,2.65,RU,1706380423
125,muynoq,43.7683,59.0214,271.45,78,98,5.26,UZ,1706380407
126,altamira,-3.2033,-52.2064,306.2,62,75,1.54,BR,1706380424
127,kishtwar,33.3167,75.7667,279.52,31,83,1.58,IN,1706380424
128,tolanaro,-25.0319,46.9987,297.19,100,75,5.14,MG,1706380424
129,iskateley,67.6803,53.1512,257.6,97,100,4.02,RU,1706380360
130,villa gesell,-37.2639,-56.973,300.4,49,0,10.52,AR,1706380424
131,weno,7.4515,151.8468,301.09,70,100,5.96,FM,1706380424
132,nema,57.5067,50.5011,259.36,99,94,1.45,RU,1706380424
133,fort bragg,35.139,-79.006,295.23,58,100,2.06,US,1706380414
134,berdigestyakh,62.0989,126.6992,239.34,97,99,1.95,RU,1706380425
135,sinabang,2.4803,96.3801,299.42,82,100,0.77,ID,1706380425
136,hadibu,12.65,54.0333,298.64,80,64,3.02,YE,1706380425
137,inderbor,48.55,51.7833,268.45,94,100,4.19,KZ,1706380425
138,campoverde,-8.4753,-74.8058,297.98,48,100,1.81,PE,1706380425
139,touros,-5.1989,-35.4608,302.5,66,81,6.09,BR,1706380308
140,bilibino,68.0546,166.4372,239.01,100,100,1.5,RU,1706380426
141,acarau,-2.8856,-40.12,303.19,64,98,7.97,BR,1706380426
142,enewetak,11.3474,162.3373,298.82,66,100,4.9,MH,1706380426
143,podgornoye,51.735,39.1496,273.27,100,100,2.0,RU,1706380426
144,badger,64.8,-147.5333,234.08,59,75,2.06,US,1706380335
145,klaksvik,62.2266,-6.589,277.66,73,100,10.18,FO,1706380376
146,praya,14.9215,-23.5087,301.45,42,100,5.66,CV,1706380426
147,talnakh,69.4865,88.3972,259.38,93,100,5.7,RU,1706380307
148,sinop,41.7711,34.8709,273.15,92,100,1.82,TR,1706380410
149,changde,29.0464,111.6783,277.96,57,60,0.81,CN,1706380427
150,ust'-ilimsk,58.0006,102.6619,237.84,100,5,1.34,RU,1706380427
151,san cristobal,7.7669,-72.225,301.25,28,65,1.89,VE,1706380351
152,nemuro,43.3236,145.575,271.94,80,100,5.95,JP,1706380427
153,hengchun,22.0042,120.7439,292.65,80,17,7.39,TW,1706380427
154,askiz,53.1319,90.5264,250.12,95,81,1.55,RU,1706380427
155,georgetown,5.4112,100.3354,301.11,80,20,4.12,MY,1706380364
156,puerto baquerizo moreno,-0.9,-89.6,303.7,70,40,6.69,EC,1706380428
157,stanley,54.868,-1.6985,280.16,82,20,6.17,GB,1706380428
158,howrah,22.5892,88.3103,289.15,72,0,0.0,IN,1706380368
159,forest,37.3638,-79.2897,290.47,61,20,2.57,US,1706380428
160,imperatriz,-5.5264,-47.4917,303.18,74,75,1.03,BR,1706380144
161,eyl,7.9803,49.8164,298.79,89,100,4.35,SO,1706380428
162,motueka,-41.1333,173.0167,286.54,62,100,1.28,NZ,1706380428
163,englewood,39.6478,-104.9878,282.47,36,20,2.06,US,1706380428
164,smara,26.7384,-11.6719,296.0,15,0,4.84,EH,1706380428
165,saldanha,-33.0117,17.9442,294.18,97,100,3.21,ZA,1706380429
166,isiro,2.7739,27.616,296.83,40,69,1.17,CD,1706380155
167,kirando,-7.4167,30.6,297.09,81,94,1.51,TZ,1706380429
168,mili,6.0815,171.735,300.05,79,100,8.68,MH,1706380429
169,yorkton,51.2167,-102.4677,267.06,86,0,3.6,CA,1706380429
170,lebu,-37.6167,-73.65,291.85,75,0,7.7,CL,1706380429
171,colonia,50.9333,6.95,278.69,72,0,2.57,DE,1706380429
172,machico,32.7,-16.7667,294.5,79,20,9.26,PT,1706380430
173,alice springs,-23.7,133.8833,299.94,23,13,2.68,AU,1706380430
174,salahonda,2.1019,-78.7217,300.42,79,99,3.93,CO,1706380430
175,agbor,6.2518,6.1934,302.25,20,18,1.93,NG,1706380430
176,aasiaat,68.7098,-52.8699,244.85,100,100,3.09,GL,1706380315
177,gizo,-8.103,156.8419,301.17,76,100,2.09,SB,1706380430
178,tazovsky,67.4667,78.7,259.87,94,100,4.11,RU,1706380335
179,egilsstadir,65.2653,-14.3948,272.1,59,75,7.2,IS,1706380431
180,illizi,26.4833,8.4667,291.04,21,0,3.22,DZ,1706380431
181,kismayo,-0.3582,42.5454,299.8,84,98,5.87,SO,1706380328
182,la'ie,21.6477,-157.9253,298.13,87,0,0.45,US,1706380431
183,jayapura,-2.5333,140.7,298.81,93,100,2.31,ID,1706380431
184,carnarvon,-24.8667,113.6333,296.31,83,0,6.71,AU,1706380431
185,lebyazh'ye,55.2689,66.4947,260.43,97,100,2.27,RU,1706380431
186,kirensk,57.7853,108.1119,241.46,100,25,1.79,RU,1706380431
187,kisangani,0.5167,25.2,297.4,84,100,1.3,CD,1706380431
188,maine soroa,13.2114,12.0241,292.69,21,18,4.18,NE,1706380432
189,kampong speu,11.5,104.3333,295.55,59,32,1.51,KH,1706380432
190,porto calvo,-9.045,-35.3983,303.45,56,98,5.47,BR,1706380432
191,anadyr,64.75,177.4833,241.43,75,75,5.0,RU,1706380282
192,kaliganj,23.4095,89.1402,287.91,48,0,2.15,BD,1706380432
193,scarborough,54.2797,-0.4044,280.18,82,100,3.58,GB,1706380432
194,guerrero negro,27.9769,-114.0611,294.19,29,85,2.49,MX,1706380432
195,tieli,46.95,128.05,249.05,100,98,1.5,CN,1706380432
196,yaren,-0.5472,166.916,301.9,71,100,8.74,NR,1706380432
197,nogliki,51.8333,143.1667,260.12,95,100,4.37,RU,1706380433
198,san luis,-33.295,-66.3356,307.23,19,9,1.45,AR,1706380433
199,olyokminsk,60.3736,120.4264,237.31,100,100,1.19,RU,1706380359
200,mendi,-6.1761,143.6513,286.68,96,100,0.91,PG,1706380433
201,tofol,5.3248,163.0078,299.5,72,100,4.77,FM,1706380433
202,horta,38.5333,-28.6333,287.95,83,40,8.75,PT,1706380433
203,woolgoolga,-30.1106,153.2007,297.06,95,88,1.87,AU,1706380433
204,kenai,60.5544,-151.2583,246.53,78,0,0.0,US,1706380434
205,vadso,70.0744,29.7487,271.24,80,75,7.72,NO,1706380368
206,kodiak,57.79,-152.4072,263.88,53,0,2.06,US,1706380434
207,harper,4.375,-7.7169,300.9,80,13,3.86,LR,1706380434
208,belaya kholunitsa,58.84,50.8528,259.95,99,100,0.38,RU,1706380161
209,khandud,36.9513,72.318,269.43,75,100,3.72,AF,1706380434
210,paracuru,-3.41,-39.0306,303.21,65,64,5.72,BR,1706380434
211,port elizabeth,-33.918,25.5701,297.09,92,20,5.14,ZA,1706380434
212,portland,45.5234,-122.6762,289.04,97,100,4.92,US,1706379830
213,yuzhno-kurilsk,44.0306,145.8556,271.14,85,100,4.87,RU,1706380435
214,saint-philippe,-21.3585,55.7679,298.92,87,91,4.64,RE,1706380435
215,nouadhibou,20.931,-17.0347,301.14,12,70,1.54,MR,1706380435
216,chonchi,-42.6128,-73.8092,292.95,41,60,1.36,CL,1706380362
217,kudymkar,59.0173,54.656,264.74,96,100,1.82,RU,1706380435
218,rutland,43.6167,-73.0162,277.84,96,100,0.45,US,1706380142
219,buenaventura,3.8801,-77.0312,303.21,68,47,2.6,CO,1706380435
220,mhamid,29.82,-5.72,291.04,16,0,3.85,MA,1706380436
221,saint-tropez,43.2693,6.6398,286.48,73,19,2.61,FR,1706380436
222,reyes,-14.3167,-67.3833,308.03,45,53,0.15,BO,1706380436
223,revda,56.801,59.9303,261.45,96,100,1.32,RU,1706380436
224,lompoc,34.6391,-120.4579,294.59,59,0,2.57,US,1706380436
225,okhotsk,59.3833,143.3,251.91,82,99,3.22,RU,1706380436
226,tadine,-21.55,167.8833,297.53,68,95,1.01,NC,1706380436
227,miandrivazo,-19.5167,45.4667,298.09,84,7,0.81,MG,1706380436
228,namibe,-15.1961,12.1522,297.5,83,38,5.06,AO,1706380436
229,fuyuan,46.4333,127.0833,249.03,100,100,1.78,CN,1706380437
230,pechora,65.1472,57.2244,264.74,94,92,4.02,RU,1706380437
231,port douglas,-16.4833,145.4667,300.45,82,100,2.31,AU,1706380423
232,miri,4.4148,114.0089,299.23,89,40,3.09,MY,1706380437
233,fortuna,40.5982,-124.1573,289.46,88,40,9.26,US,1706380332
234,kill devil hills,36.0307,-75.676,286.16,90,75,5.14,US,1706380437
235,vila velha,-20.3297,-40.2925,301.12,83,75,5.66,BR,1706380438
236,purpe,64.4803,76.6897,262.27,95,100,2.78,RU,1706380438
237,arkhangel'sk,64.5401,40.5433,269.21,92,100,4.0,RU,1706380438
238,flin flon,54.7682,-101.865,268.06,93,100,3.6,CA,1706380438
239,abdanan,32.9926,47.4198,281.26,68,60,4.89,IR,1706380438
240,vyyezdnoye,55.3815,43.7864,262.61,99,91,1.71,RU,1706380438
241,mu'minobod,38.1085,70.0285,280.5,82,100,1.48,TJ,1706380438
242,dubbo,-32.25,148.6167,286.22,67,0,4.12,AU,1706380267
243,myeik,12.4333,98.6,297.54,80,28,1.4,MM,1706380438
244,santa maria,-29.6842,-53.8069,300.76,51,40,5.14,BR,1706380439
245,ilulissat,69.2167,-51.1,251.16,59,20,3.09,GL,1706380439
246,sittwe,20.15,92.9,290.1,73,1,3.69,MM,1706380439
247,betio village,1.358,172.9211,301.17,88,100,7.52,KI,1706380439
248,saint-joseph,-21.3667,55.6167,298.36,86,99,4.64,RE,1706380439
249,arraial do cabo,-22.9661,-42.0278,299.13,83,75,4.63,BR,1706380439
250,miajadas,39.1513,-5.9084,286.52,69,100,1.48,ES,1706380439
251,truth or consequences,33.1284,-107.2528,284.77,52,0,0.0,US,1706380439
252,east london,-33.0153,27.9116,295.67,88,0,2.06,ZA,1706380424
253,levuka,50.1834,-105.4011,275.0,64,75,8.23,CA,1706380440
254,khedbrahma,24.0333,73.05,290.63,31,8,2.49,IN,1706380440
255,belmonte,-15.8631,-38.8828,299.01,91,100,5.87,BR,1706380421
256,fort st. john,56.2499,-120.8529,277.09,75,75,4.63,CA,1706380440
257,khadan khak,30.7477,67.7085,281.66,83,100,3.1,PK,1706380440
258,pundong,-7.9522,110.3486,298.63,90,100,1.24,ID,1706380440
259,darnah,32.767,22.6367,288.48,67,0,7.98,LY,1706380440
260,punta arenas,-53.15,-70.9167,289.21,39,0,16.98,CL,1706380441
261,hasaki,35.7333,140.8333,273.37,54,100,1.84,JP,1706380355
262,hawaiian paradise park,19.5933,-154.9731,298.09,85,0,2.06,US,1706380305
263,tsiombe,-25.3,45.4833,296.8,84,38,6.34,MG,1706380441
264,newcastle,-32.9272,151.7765,295.21,88,100,0.0,AU,1706380268
265,katsuura,35.1333,140.3,279.98,61,100,3.69,JP,1706380441
266,stara pazova,44.985,20.1608,278.27,73,0,4.63,RS,1706380441
267,pacific grove,36.6177,-121.9166,290.76,85,0,1.34,US,1706380442
268,pelabuhanratu,-6.9875,106.5514,299.14,86,87,1.35,ID,1706380442
269,akureyri,65.6835,-18.0878,273.11,51,75,6.17,IS,1706380442
270,bismarck,46.8083,-100.7837,276.63,72,0,2.06,US,1706380441
271,fale old settlement,-9.3852,-171.2468,302.53,70,100,3.85,TK,1706380442
272,maraba,-5.3686,-49.1178,299.25,94,75,1.03,BR,1706380443
273,saudarkrokur,65.7461,-19.6394,267.16,87,45,5.92,IS,1706380443
274,san pedro pochutla,15.7333,-96.4667,303.99,36,0,3.93,MX,1706380443
275,macau,22.2006,113.5461,285.04,87,40,6.69,MO,1706380444
276,wailua homesteads,22.0669,-159.378,296.59,78,100,6.17,US,1706380444
277,gaoual,11.75,-13.2,304.4,11,19,1.99,GN,1706380444
278,box elder,41.5005,-112.8764,273.87,88,100,0.82,US,1706380444
279,lazaro cardenas,17.9583,-102.2,302.77,48,0,3.45,MX,1706380444
280,terra santa,-2.1042,-56.4869,301.79,78,99,1.26,BR,1706380444
281,indramayu,-6.3264,108.32,299.99,82,99,4.91,ID,1706380445
282,isangel,-19.55,169.2667,297.49,68,100,3.3,VU,1706380445
283,midvagur,62.0511,-7.1939,277.61,87,75,2.06,FO,1706380445
284,sydney mines,46.2367,-60.2177,273.85,84,100,3.09,CA,1706380445
285,sabi,13.2333,-14.2,304.13,10,16,3.18,GM,1706380446
286,murun-kuren,49.6342,100.1625,249.6,87,13,0.79,MN,1706380446
287,gisborne,-38.6533,178.0042,292.86,83,100,3.42,NZ,1706380288
288,sola,-13.8833,167.55,300.58,69,100,5.24,VU,1706380446
289,howard springs,-12.497,131.047,298.61,95,100,5.1,AU,1706380319
290,galle,6.0367,80.217,299.26,80,77,0.33,LK,1706380447
291,anchorage,61.2181,-149.9003,252.39,78,0,1.54,US,1706380200
292,buala,-8.145,159.5921,299.16,85,100,3.77,SB,1706380447
293,nadym,65.5333,72.5167,261.24,93,100,4.06,RU,1706380447
294,lautoka,-17.6167,177.4667,296.07,88,40,3.6,FJ,1706380447
295,volovets,48.7109,23.1851,270.97,98,96,1.12,UA,1706380447
296,hailey,43.5196,-114.3153,275.32,71,100,2.57,US,1706380448
297,aykhal,66.0,111.5,246.17,79,0,1.09,RU,1706380448
298,crane,31.3974,-102.3501,286.38,37,0,4.35,US,1706380448
299,el rosal,4.8531,-74.26,294.79,48,51,3.8,CO,1706380449
300,shiraz,29.6036,52.5388,283.84,43,40,2.06,IR,1706380449
301,maksi,23.2667,76.15,288.8,32,82,1.98,IN,1706380449
302,oral,51.2333,51.3667,257.14,92,0,4.0,KZ,1706380449
303,nizhniy odes,63.6445,54.856,257.31,99,91,1.85,RU,1706380449
304,marathon,44.9,-89.7668,275.01,95,100,4.63,US,1706380289
305,puerto ayacucho,5.6639,-67.6236,311.2,27,58,3.5,VE,1706380450
306,ban karon,7.8477,98.2985,300.1,78,54,9.13,TH,1706380450
307,tabou,4.423,-7.3528,300.85,82,22,3.86,CI,1706380451
308,mankera,31.3866,71.4407,286.7,32,100,1.58,PK,1706380451
309,lycksele,64.5954,18.6735,274.5,84,100,7.25,SE,1706380451
310,medina,24.4686,39.6142,293.39,32,0,3.6,SA,1706380201
311,walvis bay,-22.9575,14.5053,293.68,83,1,6.17,NA,1706380354
312,el granada,37.5027,-122.4694,289.77,79,75,1.54,US,1706380355
313,severo-yeniseyskiy,60.3725,93.0408,252.36,98,98,1.79,RU,1706380452
314,kosong,38.3788,128.4676,271.42,68,1,2.34,KR,1706380452
315,prince rupert,54.3161,-130.3201,282.2,87,100,8.23,CA,1706380210
316,at taraf,25.3628,49.725,292.45,42,100,4.13,SA,1706380453
317,presidente medici,-11.1753,-61.9014,305.83,54,98,0.91,BR,1706380453
318,tura,25.5198,90.2201,284.93,59,0,1.16,IN,1706380453
319,penzance,50.1186,-5.5371,282.53,91,100,8.73,GB,1706380332
320,holualoa,19.6228,-155.9522,296.92,76,20,5.14,US,1706380364
321,aral,40.5156,81.2636,269.56,40,6,1.26,CN,1706380454
322,santa elena de uairen,4.6167,-61.1333,301.52,40,100,1.03,VE,1706380454
323,palangkaraya,-2.2,113.8333,297.63,95,100,0.9,ID,1706380454
324,ebon,4.582,168.6964,300.77,70,100,7.03,MH,1706380374
325,kununurra,-15.7667,128.7333,300.14,89,100,1.03,AU,1706380454
326,monteagudo,-19.8167,-63.9833,305.61,30,81,1.55,BO,1706380455
327,chettipalaiyam,10.9,77.0667,298.12,65,40,3.09,IN,1706380455
328,westport,41.1415,-73.3579,281.04,67,100,2.06,US,1706380455
329,ulladulla,-35.35,150.4667,293.02,92,100,3.78,AU,1706380455
330,polyarnyy,69.1989,33.4478,270.24,82,100,10.91,RU,1706380396
331,xining,36.6167,101.7667,265.31,32,0,0.43,CN,1706380456
332,awjilah,29.1081,21.2869,287.01,47,0,1.91,LY,1706380456
333,palapag,12.5458,125.1147,296.06,83,100,5.1,PH,1706380456
334,klyuchi,52.2667,79.1667,262.65,96,99,3.35,RU,1706380456
335,shimoda,34.6667,138.95,278.21,67,98,3.06,JP,1706380457
336,ghadamis,30.1337,9.5007,289.06,35,0,2.84,LY,1706380457
337,darwin,-12.4611,130.8418,298.65,94,100,2.24,AU,1706380454
338,dalbandin,28.8947,64.4101,289.16,71,100,4.9,PK,1706380457
339,astrakhan,46.3497,48.0408,271.08,86,0,4.02,RU,1706380457
340,mugia,43.1041,-9.2179,286.99,69,100,5.35,ES,1706380458
341,fallon,39.4735,-118.7774,283.66,70,0,0.0,US,1706380458
342,papao,-17.75,-149.55,301.97,79,91,0.79,PF,1706380451
343,zav'yalovo,56.7847,53.3776,260.71,95,96,1.34,RU,1706380459
344,fort frances,48.5999,-93.4003,271.57,86,100,2.57,CA,1706380459
345,sheridan,44.8333,-106.9173,284.99,48,0,1.54,US,1706380459
346,ji'an,27.1172,114.9793,276.44,80,100,1.03,CN,1706380459
347,xilin hot,43.9667,116.0333,252.79,95,6,3.19,CN,1706380460
348,barentu,15.1139,37.5928,293.0,53,37,2.73,ER,1706380460
349,abomey,7.1829,1.9912,302.94,18,0,1.05,BJ,1706380460
350,sisimiut,66.9395,-53.6735,249.84,92,88,4.78,GL,1706380460
351,puerto aysen,-45.4,-72.7,292.68,37,33,2.93,CL,1706380461
352,isola di capo rizzuto,38.96,17.0933,285.56,82,20,5.14,IT,1706380461
353,glace bay,46.1969,-59.957,273.18,85,100,3.09,CA,1706380461
354,la sarre,48.8002,-79.1996,273.9,100,100,3.95,CA,1706380221
355,lodja,-3.4833,23.4333,297.22,81,100,1.23,CD,1706380462
356,den burg,53.0542,4.7972,278.68,93,100,4.12,NL,1706380224
357,huarmey,-10.0681,-78.1522,300.1,70,71,4.87,PE,1706380462
358,mysen,59.5535,11.3258,277.26,94,59,6.21,NO,1706380462
359,pangkalanbuun,-2.6833,111.6167,297.02,97,75,0.52,ID,1706380463
360,kishangarh,26.5667,74.8667,288.04,37,93,2.23,IN,1706380463
361,cidreira,-30.1811,-50.2056,293.94,87,100,4.38,BR,1706380463
362,presque isle,46.6811,-68.0159,272.07,83,100,1.54,US,1706380463
363,midelt,32.6852,-4.7451,285.66,19,1,2.06,MA,1706380464
364,leona vicario,20.9667,-87.1917,301.08,49,0,2.6,MX,1706380464
365,el alto,-4.2714,-81.2147,303.96,72,84,4.7,PE,1706380464
366,anatuya,-28.4606,-62.8347,310.68,13,0,4.02,AR,1706380464
367,salalah,17.0151,54.0924,298.2,73,40,2.06,OM,1706380464
368,happy valley-goose bay,53.3168,-60.3315,268.32,74,75,9.77,CA,1706380464
369,puerto armuelles,8.2833,-82.8667,305.14,62,14,0.45,PA,1706380465
370,siwa oasis,29.2041,25.5195,287.63,54,0,3.2,EG,1706380465
371,susuman,62.7833,148.1667,230.36,100,87,0.45,RU,1706380465
372,bom jesus,-9.0744,-44.3586,299.59,88,97,2.13,BR,1706380465
373,onokhoy,51.932,108.0747,249.1,100,39,1.07,RU,1706380465
374,flying fish cove,-10.4217,105.6791,297.97,88,75,0.0,CX,1706380466
375,sao felix do xingu,-6.6447,-51.995,297.48,98,100,0.72,BR,1706380466
376,el calafate,-50.3408,-72.2768,286.39,48,33,5.19,AR,1706380466
377,gore,-46.1028,168.9436,287.22,75,92,1.25,NZ,1706380466
378,doka,13.5167,35.7667,295.18,19,53,5.19,SD,1706380466
379,kavaratti,10.5669,72.642,300.52,69,62,1.29,IN,1706380427
380,lengshuitan,26.4111,111.5956,278.75,85,100,1.33,CN,1706380467
381,meadow lake,34.8014,-106.5436,282.26,54,9,2.73,US,1706380467
382,bandarbeyla,9.4942,50.8122,299.23,83,77,2.47,SO,1706380467
383,jambi city,-1.6,103.6167,296.41,98,74,1.19,ID,1706380264
384,yeppoon,-23.1333,150.7333,301.03,94,78,3.68,AU,1706380468
385,coquimbo,-29.9533,-71.3436,294.0,73,0,7.72,CL,1706380468
386,winnipeg,49.8844,-97.147,267.6,95,20,2.06,CA,1706380332
387,lushun,38.8,121.2667,265.27,68,6,3.77,CN,1706380468
388,vatra dornei,47.35,25.3667,272.06,82,100,1.08,RO,1706380468
389,timon,-5.0942,-42.8367,305.03,62,75,1.54,BR,1706380469
390,ulan bator,47.9077,106.8832,242.22,69,4,0.0,MN,1706380469
391,vizinga,61.0749,50.1031,254.79,100,85,1.27,RU,1706380469
392,kone,-21.0595,164.8658,295.87,84,100,2.22,NC,1706380469
393,jabat,7.75,168.9751,299.58,60,100,4.57,MH,1706380470
394,dryden,49.7833,-92.7503,270.31,93,100,2.06,CA,1706380172
395,tionk essil,12.7856,-16.5217,307.18,20,12,3.7,SN,1706380470
396,geraldton,-28.7667,114.6,292.38,88,0,3.6,AU,1706380470
397,alpine,32.835,-116.7664,294.76,35,100,2.37,US,1706380470
398,adam,22.3756,57.5233,293.21,63,96,3.48,OM,1706380471
399,khandyga,62.6667,135.6,236.38,96,73,0.84,RU,1706380471
400,sungai penuh,-2.0833,101.3833,292.31,98,100,1.32,ID,1706380471
401,langzhong,31.5504,105.9938,278.51,70,57,1.07,CN,1706380471
402,mogocha,53.7333,119.7667,250.57,73,100,3.1,RU,1706380471
403,san antonio de pale,-1.4014,5.6325,301.04,75,34,2.2,GQ,1706380306
404,celestun,20.8667,-90.4,301.48,69,10,4.9,MX,1706380472
405,durres,41.3231,19.4414,281.25,54,0,8.03,AL,1706380472
406,maracacume,-2.0428,-45.9592,305.12,52,97,3.58,BR,1706380472
407,wangjing,24.6,94.0333,279.78,82,0,0.82,IN,1706380472
408,lenino,45.2986,35.7771,278.36,84,28,1.96,UA,1706380472
409,dedza,-14.3779,34.3332,288.42,93,1,0.84,MW,1706380473
410,aripuana,-9.1667,-60.6333,299.94,93,100,1.29,BR,1706380473
411,natal,-5.795,-35.2094,304.51,70,40,7.2,BR,1706380473
412,honiara,-9.4333,159.95,299.36,81,100,3.03,SB,1706380473
413,jamaame,0.0697,42.745,299.33,83,100,4.37,SO,1706380474
414,faya-largeau,17.9257,19.1043,292.67,27,100,7.38,TD,1706380474
415,kidal,18.4411,1.4078,292.62,17,0,4.56,ML,1706380474
416,nabire,-3.3667,135.4833,296.48,83,65,1.81,ID,1706380475
417,puerto deseado,-47.7503,-65.8938,292.95,37,0,1.58,AR,1706380475
418,talakan,50.3167,130.3667,253.82,99,100,0.63,RU,1706380475
419,twentynine palms,34.1356,-116.0542,292.0,28,14,1.34,US,1706380405
420,palikir - national government center,6.9248,158.1611,296.56,94,75,1.54,FM,1706380476
421,cabo san lucas,22.8909,-109.9124,300.16,40,0,2.24,MX,1706380285
422,santiago de cao,-7.9589,-79.2392,299.22,73,100,3.09,PE,1706380476
423,usinsk,65.9939,57.5281,264.86,95,96,6.26,RU,1706380476
424,corella,42.1043,-1.7923,283.05,63,100,1.98,ES,1706380476
425,madinat sittah uktubar,29.8167,31.05,287.93,45,71,4.59,EG,1706380477
426,qingdao,36.0986,120.3719,267.93,74,0,2.0,CN,1706380477
427,ak-suu,42.4995,78.527,266.83,53,100,3.48,KG,1706380477
428,labytnangi,66.6572,66.4183,254.1,99,100,1.77,RU,1706380477
429,mana,5.6592,-53.7767,302.14,62,8,4.13,GF,1706380478
430,tralee,52.2704,-9.7026,283.29,93,100,5.14,IE,1706380396
431,porto empedocle,37.2934,13.5264,284.91,80,0,3.6,IT,1706380478
432,radovanu,44.2,26.5167,276.84,78,99,0.5,RO,1706380478
433,kalundborg,55.6795,11.0886,279.44,95,32,6.77,DK,1706380478
434,richards bay,-28.783,32.0377,297.21,82,100,3.34,ZA,1706380479
435,mahanoro,-19.9,48.8,297.79,83,71,2.11,MG,1706380479
436,keflavik,64.0049,-22.5624,271.39,100,75,3.09,IS,1706380479
437,ljusdal,61.8288,16.0913,275.44,80,78,5.33,SE,1706380479
438,kimbe,-5.5502,150.1429,298.25,94,96,0.22,PG,1706380480
439,baiyin,36.5583,104.2081,265.83,41,0,0.47,CN,1706380480
440,laojunmiao,39.8333,97.7333,263.93,41,0,1.26,CN,1706380368
441,ma'an,26.9775,110.7211,278.42,85,100,1.73,CN,1706380481
442,mbekenyera,-10.0,38.9833,295.55,96,75,1.64,TZ,1706380481
443,kota tinggi,1.7381,103.8999,300.17,93,50,2.53,MY,1706380481
444,as sulayyil,20.4607,45.5779,296.29,47,100,4.48,SA,1706380481
445,saa,4.3667,11.45,298.7,27,9,0.21,CM,1706380481
446,neyriz,29.1988,54.3278,281.98,85,98,3.22,IR,1706380481
447,champerico,14.3,-91.9167,308.45,58,0,5.26,GT,1706380482
448,molde,62.7375,7.1591,279.1,79,43,7.6,NO,1706380482
449,wenshui,28.4506,106.5267,273.01,98,96,0.16,CN,1706380482
450,barreirinha,-2.7933,-57.07,302.02,77,83,1.05,BR,1706380482
451,gorontalo,0.5412,123.0595,296.11,93,99,1.5,ID,1706380482
452,ronne,55.1009,14.7066,277.1,93,100,4.63,DK,1706380483
453,shalkar,47.8288,59.6258,259.84,81,74,4.77,KZ,1706380483
454,superior,46.7208,-92.1041,275.35,89,100,4.12,US,1706380483
455,masaka,-0.3338,31.7341,292.78,78,94,1.36,UG,1706380483
456,talcahuano,-36.7167,-73.1167,297.97,50,0,6.17,CL,1706380483
457,rouissat,31.9243,5.3502,292.3,23,0,2.88,DZ,1706380483
458,franceville,-1.6333,13.5836,300.4,78,0,1.49,GA,1706380484
459,asadabad,34.7824,48.1185,275.12,95,94,4.29,IR,1706380484
460,ancud,-41.8697,-73.8203,291.16,60,63,3.0,CL,1706380484
461,tefe,-3.3542,-64.7114,302.21,79,75,1.54,BR,1706380484
462,smithers,54.7804,-127.1743,275.33,93,75,3.09,CA,1706380484
463,kasongo-lunda,-6.4667,16.8167,296.77,90,83,0.59,CD,1706380484
464,kerikeri,-35.2268,173.9474,294.77,91,100,2.15,NZ,1706380485
465,malpica,43.3228,-8.8105,291.24,68,100,2.77,ES,1706380485
466,taishan,22.2514,112.7799,283.33,75,100,4.18,CN,1706380485
467,kassala,15.451,36.4,295.26,21,97,3.25,SD,1706380485
468,aberdeen,57.1437,-2.0981,281.59,82,75,7.2,GB,1706380485
469,kapoeta,4.7717,33.5903,303.08,25,11,2.43,SS,1706380485
470,quellon,-43.1167,-73.6167,288.82,62,97,4.89,CL,1706380309
471,tadjourah,12.0,42.5,297.38,67,38,4.87,DJ,1706380485
472,zubin potok,42.9144,20.6897,276.62,69,31,4.11,XK,1706380486
473,hami,42.8,93.45,262.85,68,0,2.33,CN,1706380486
474,numan,9.4667,12.0333,299.21,17,0,1.69,NG,1706380486
475,alegrete,-29.7831,-55.7919,300.18,51,6,5.29,BR,1706380486
476,musoma,-1.5,33.8,295.79,73,96,1.25,TZ,1706380486
477,xilitla,21.3333,-98.9667,291.35,91,100,2.09,MX,1706380486
478,kasempa,-13.4584,25.8338,293.75,76,46,2.04,ZM,1706380487
479,novokuznetsk,53.7557,87.1099,257.7,84,100,0.05,RU,1706380487
480,poronaysk,49.2167,143.1167,265.29,91,100,3.6,RU,1706380487
481,"poblacion, san felipe",14.5665,121.0308,298.19,70,75,1.03,PH,1706380487
482,johvi,59.3592,27.4211,269.36,91,100,3.28,EE,1706380487
483,novosilikatnyy,53.3097,83.6239,266.47,86,75,2.0,RU,1706380487
484,totness,5.8833,-56.3167,302.0,60,16,4.5,SR,1706380487
485,bandon,51.7469,-8.7425,282.92,98,100,8.14,IE,1706380351
486,fort mcmurray,56.7268,-111.381,271.92,100,20,1.54,CA,1706380240
487,nemencine,54.85,25.4833,271.44,96,100,1.19,LT,1706380488
488,constitucion,-35.3333,-72.4167,294.79,64,99,5.12,CL,1706380423
489,christchurch,-43.5333,172.6333,287.86,65,100,1.94,NZ,1706380206
490,bertoua,4.5833,13.6833,298.51,29,6,1.71,CM,1706380488
491,san rafael,-34.6177,-68.3301,309.6,16,5,5.95,AR,1706380235
492,akniste,56.1615,25.7478,268.82,94,100,1.3,LV,1706380488
493,conception bay south,47.4999,-52.9981,273.1,72,6,1.95,CA,1706380489
494,wang nam yen,13.5033,102.1812,296.12,60,27,2.23,TH,1706380489
495,yarmouth,41.7057,-70.2286,277.64,86,100,6.71,US,1706380316
496,kansk,56.2017,95.7175,258.38,90,60,4.98,RU,1706380334
497,copiapo,-27.3667,-70.3333,293.98,31,0,4.96,CL,1706380361
498,west bay,19.3667,-81.4167,303.19,66,20,6.17,KY,1706380489
499,krasnokholmskiy,55.9873,55.0466,259.95,97,100,1.51,RU,1706380489
500,evanston,42.0411,-87.6901,278.21,90,100,2.57,US,1706380443
501,barah,13.7,30.3667,290.37,21,100,4.92,SD,1706380489
502,peace river,56.2501,-117.286,272.32,86,75,5.66,CA,1706380490
503,vila franca do campo,37.7167,-25.4333,291.42,99,100,2.47,PT,1706380490
504,vilyuysk,63.7553,121.6247,235.93,100,100,1.79,RU,1706380490
505,dogondoutchi,13.6393,4.0287,296.02,15,0,4.9,NE,1706380490
506,noumea,-22.2763,166.4572,296.14,72,100,2.06,NC,1706380490
507,didim,37.3756,27.2678,282.93,62,10,2.9,TR,1706380490
508,summerland,49.5998,-119.6691,277.64,87,100,4.63,CA,1706380490
509,kudahuvadhoo,2.6708,72.8944,301.04,69,4,7.72,MV,1706380490
510,ghormach,35.7306,63.7826,285.49,71,17,2.15,AF,1706380491
511,abepura,-2.6333,140.5833,298.6,94,20,1.03,ID,1706380491
512,inongo,-1.95,18.2667,300.18,61,68,2.61,CD,1706380491
513,muzaffarabad,34.37,73.4711,286.36,26,100,1.55,PK,1706380491
514,luderitz,-26.6481,15.1594,291.75,92,100,2.97,NA,1706380491
515,conduaga,8.862,117.4893,297.54,76,42,1.68,PH,1706380491
516,gozyeri,40.866,32.5417,267.71,95,100,1.6,TR,1706380491
517,maua,-23.6678,-46.4614,299.31,82,75,3.86,BR,1706380491
518,kavieng,-2.5744,150.7967,301.21,73,100,1.51,PG,1706380491
519,hithadhoo,-0.6,73.0833,301.33,69,65,5.36,MV,1706380356
520,menongue,-14.6585,17.691,293.33,48,1,1.81,AO,1706380492
521,champasak,14.75,106.0,292.14,76,40,0.56,LA,1706380492
522,lorengau,-2.0226,147.2712,301.24,79,24,3.1,PG,1706380492
523,ben lomond,37.0891,-122.0863,290.48,79,100,1.05,US,1706380492
524,kharp,66.8014,65.8081,256.42,98,100,1.2,RU,1706380492
